1 4.662624001502991
2 0.40910398960113525
3 0.472057044506073
4 0.4254499673843384
5 0.4159359931945801
6 0.5123040080070496
7 0.5858049988746643
8 0.7263990044593811
9 0.7930440306663513
10 0.9038220047950745
11 0.9929839968681335
12 1.1142440438270569
13 1.3009589910507202
14 1.2233709692955017
15 1.332571029663086
16 1.4423909783363342
17 1.4831660389900208
18 1.6643929481506348
19 3.430900990962982
20 1.4163320064544678
21 1.4363739490509033
22 1.5989229679107666
23 1.6716899871826172
24 1.798454999923706
25 2.016072988510132
26 2.2045029997825623
27 2.6300860047340393
28 2.3245409727096558
29 3.6240220069885254
30 1.9403820037841797
31 2.0238490104675293
32 2.1788260340690613
33 2.35650497674942
34 2.327347993850708
35 2.3536790013313293
36 2.8337560296058655
37 4.281835973262787
38 2.6404000520706177
39 2.4973859786987305
40 3.151216983795166
41 2.6344299912452698
42 3.0522810220718384
43 4.827302992343903
44 3.237635016441345
45 2.922302007675171
46 2.9680339694023132
47 3.260692000389099
48 3.174483001232147
49 3.421548008918762
50 4.851918995380402
51 4.0702449679374695
52 5.3876959681510925
53 3.7972090244293213
54 6.725611984729767
55 3.6807479858398438
56 3.4844679832458496
57 3.797738015651703
58 3.5658270120620728
59 4.135511040687561
60 4.056393980979919
61 5.237381994724274
62 4.218524992465973
63 8.61258602142334
64 3.8998610377311707
65 3.872932016849518
66 4.995796978473663
67 4.258394002914429
68 4.151710033416748
69 3.9630450010299683
70 4.337536036968231
71 9.72008603811264
72 4.191694021224976
73 4.050619959831238
74 4.171025037765503
75 4.837448000907898
76 4.351499021053314
77 5.025026977062225
78 9.677029967308044
79 6.430795967578888
80 7.109669983386993
81 6.93640798330307
82 5.523405015468597
83 4.624354004859924
84 9.398802995681763
85 4.750168979167938
86 4.72086900472641
87 5.021121978759766
88 4.45728999376297
89 4.836453020572662
90 4.842171013355255
91 6.414793014526367
92 5.577403008937836
93 8.18826699256897
94 6.28549998998642
95 6.055505990982056
96 13.62763100862503
97 6.24499899148941
98 6.01867800951004
99 8.570787966251373
100 5.193160951137543
