1 5.551599979400635
2 0.44344401359558105
3 0.3856250047683716
4 0.44032394886016846
5 0.5282279849052429
6 0.5643250346183777
7 0.6791020035743713
8 0.9334279894828796
9 1.551222026348114
10 2.1565499901771545
11 1.8471609950065613
12 1.2321540117263794
13 1.918444037437439
14 1.5923489928245544
15 1.6318220496177673
16 1.6484670042991638
17 1.7966920137405396
18 4.30181097984314
19 2.318814992904663
20 2.5779489874839783
21 1.982923984527588
22 2.774614989757538
23 4.336167991161346
24 2.7677560448646545
25 2.7181599736213684
26 2.6775929927825928
27 7.099775016307831
28 8.595797002315521
29 2.1674229502677917
30 2.1725590229034424
31 2.2371949553489685
32 2.367964029312134
33 4.460070013999939
34 2.529920995235443
35 4.075019001960754
36 4.130850970745087
37 2.5581910014152527
38 2.5881490111351013
39 3.028142035007477
40 2.7149029970169067
41 4.352042019367218
42 3.9116119742393494
43 3.0034390091896057
44 3.451557993888855
45 2.9485729932785034
46 3.6759620308876038
47 3.4623939990997314
48 3.608577013015747
49 3.5871779918670654
50 4.577693998813629
51 3.837002992630005
52 5.850179970264435
53 3.660764992237091
54 3.4300690293312073
55 3.40385103225708
56 3.8877649903297424
57 4.102257013320923
58 4.032211005687714
59 5.039434969425201
60 7.794005036354065
61 3.757170021533966
62 3.877689003944397
63 3.8090099692344666
64 3.796094000339508
65 3.8975809812545776
66 4.144117951393127
67 3.999897003173828
68 7.446668028831482
69 4.1312519907951355
70 4.146696984767914
71 5.13432502746582
72 4.166238009929657
73 4.100770056247711
74 7.682541012763977
75 4.75756299495697
76 5.028438985347748
77 4.871159017086029
78 4.114484012126923
79 4.278308033943176
80 7.076992034912109
81 5.328006982803345
82 4.925886034965515
83 4.293635010719299
84 4.300557971000671
85 4.648647964000702
86 8.18475604057312
87 4.749586999416351
88 4.788675963878632
89 4.874146044254303
90 5.051191031932831
91 5.139936029911041
92 5.931491017341614
93 6.5930439829826355
94 6.269937992095947
95 7.160747051239014
96 7.228398025035858
97 13.05435997247696
98 6.390154004096985
99 7.710250973701477
100 9.092092990875244
