1 5.836421012878418
2 6.156822025775909
3 6.303431034088135
4 6.4344340562820435
5 6.560060083866119
6 6.702376067638397
7 6.8548630475997925
8 6.992871999740601
9 7.142774045467377
10 7.278539061546326
11 7.439549088478088
12 7.591480076313019
13 7.732145071029663
14 7.876049101352692
15 8.012044072151184
16 8.15340906381607
17 8.287748038768768
18 8.425984025001526
19 8.564662039279938
20 8.703253030776978
21 8.839256048202515
22 8.97485101222992
23 9.116388976573944
24 9.253926992416382
25 9.469385027885437
26 9.6232790350914
27 9.781983077526093
28 9.975918054580688
29 10.220227062702179
30 11.188043057918549
31 11.720432043075562
32 12.684554994106293
33 12.994313955307007
34 13.203740954399109
35 13.375061929225922
36 13.551773965358734
37 13.723655939102173
38 13.901707947254181
39 14.067105948925018
40 14.225206971168518
41 14.386998951435089
42 14.57398396730423
43 14.730214953422546
44 14.877774894237518
45 15.026168882846832
46 15.17602789402008
47 15.32523488998413
48 15.474068939685822
49 15.618884921073914
50 15.767120897769928
51 15.916359901428223
52 16.065496921539307
53 16.23916792869568
54 16.390027940273285
55 16.5368869304657
56 16.685560941696167
57 16.84066593647003
58 17.06168496608734
59 17.312032997608185
60 17.428526043891907
61 17.53636008501053
62 17.730797111988068
63 17.900776147842407
64 18.06773716211319
65 18.26362919807434
66 18.383159160614014
67 18.49031913280487
68 18.645077109336853
69 18.820273101329803
70 18.982479095458984
71 19.18715912103653
72 19.307769119739532
73 19.415406107902527
74 19.52417814731598
75 19.7086301445961
76 19.91523712873459
77 20.084693133831024
78 20.256816148757935
79 20.370264172554016
80 20.478965163230896
81 20.64183121919632
82 20.817538261413574
83 20.98479527235031
84 21.18723624944687
85 21.302058279514313
86 21.416060268878937
87 21.53388226032257
88 21.72162628173828
89 21.83326232433319
90 21.939900279045105
91 22.040777266025543
92 22.14298528432846
93 22.271394312381744
94 22.39482933282852
95 22.54689931869507
96 22.65529429912567
97 22.765550315380096
98 22.875006318092346
99 22.98357129096985
100 23.093779265880585
