1 10.927401006221771
2 1.2765600085258484
3 2.065810978412628
4 1.9973089694976807
5 2.3260310292243958
6 1.848742961883545
7 3.0769789814949036
8 2.5382359623908997
9 2.2979249954223633
10 3.728650987148285
11 4.8856629729270935
12 6.629730045795441
13 4.136435031890869
14 3.6925010085105896
15 5.517765045166016
16 4.689123034477234
17 4.945460021495819
18 5.0196850299835205
19 4.177212953567505
20 6.612900018692017
21 4.63120299577713
22 4.879251956939697
23 5.2517200112342834
24 7.75593101978302
25 5.431623995304108
26 7.376664996147156
27 6.587797999382019
28 10.729424953460693
29 4.715718030929565
30 7.3211440443992615
31 7.047634959220886
32 8.708714008331299
33 7.873584985733032
34 14.314961969852448
35 8.744075000286102
36 10.723841965198517
37 13.140250027179718
38 10.379224002361298
39 15.502952992916107
40 10.376666009426117
41 11.043254971504211
42 10.829901993274689
43 17.81307601928711
44 12.455820977687836
45 11.829950988292694
46 13.363743960857391
47 13.357513010501862
48 14.868829011917114
49 14.76212203502655
50 19.652711987495422
51 14.62812203168869
52 26.733170986175537
53 16.23665702342987
54 17.641699016094208
55 18.69173401594162
56 20.36430597305298
57 20.580812990665436
58 33.948315024375916
59 21.949015974998474
60 21.636856973171234
61 13.31166297197342
62 12.87923401594162
63 12.77436101436615
64 16.378868997097015
65 13.497773051261902
66 12.981144964694977
67 21.315992057323456
68 15.468170046806335
69 13.912292003631592
70 13.987388968467712
71 26.275725960731506
72 14.187066972255707
73 14.4532909989357
74 15.026168048381805
75 16.879359006881714
76 15.462396025657654
77 24.06417405605316
78 17.91839301586151
79 17.079282999038696
80 15.443975985050201
81 9.849074959754944
82 20.492826998233795
83 9.043259024620056
84 8.63619601726532
85 9.925426006317139
86 21.314421951770782
87 10.098823010921478
88 8.893671989440918
89 9.292115032672882
90 9.85192996263504
91 20.75028496980667
92 9.720650017261505
93 11.470818996429443
94 10.204820990562439
95 22.29017996788025
96 13.72475403547287
97 11.150492012500763
98 11.294389009475708
99 23.997190952301025
100 11.811542987823486
