1 0.8638109564781189
2 0.23538100719451904
3 0.21084600687026978
4 0.2321370244026184
5 0.20375001430511475
6 0.24207299947738647
7 0.284633994102478
8 0.32257699966430664
9 0.3515400290489197
10 0.4012860059738159
11 0.41180700063705444
12 0.6180270314216614
13 3.839775025844574
14 0.9019089937210083
15 0.7830870151519775
16 0.6269040107727051
17 0.6745070219039917
18 0.774884045124054
19 1.032131016254425
20 0.5457119941711426
21 1.6166929602622986
22 0.4880650043487549
23 0.620119035243988
24 0.4134220480918884
25 1.0313649773597717
26 0.4404450058937073
27 0.4443280100822449
28 0.46801096200942993
29 1.520321011543274
30 0.4513639807701111
31 0.7324440479278564
32 0.49957799911499023
33 0.4998040199279785
34 0.5469419956207275
35 0.6731240153312683
36 0.6610250473022461
37 0.6830779910087585
38 0.7028329968452454
39 1.63987398147583
40 3.024199962615967
41 2.160739004611969
42 0.6746219992637634
43 0.6645459532737732
44 0.8660350441932678
45 0.796763002872467
46 0.8678979873657227
47 0.8190330266952515
48 2.4811049699783325
49 0.6192999482154846
50 0.7573460340499878
51 0.6511150002479553
52 0.6398130059242249
53 0.6507209539413452
54 0.6594939827919006
55 2.514434039592743
56 0.6862579584121704
57 0.6817600131034851
58 1.0449060201644897
59 0.8786569833755493
60 1.60521000623703
61 3.021533966064453
62 0.8361960053443909
63 0.8608680367469788
64 1.1464360356330872
65 0.9795640110969543
66 1.3324819803237915
67 1.4070279598236084
68 3.7477229833602905
69 1.564831018447876
70 1.3095399737358093
71 1.2615010142326355
72 1.7304520010948181
73 5.168981969356537
74 0.9812920093536377
75 1.2233579754829407
76 1.209656000137329
77 1.9291929602622986
78 2.4403069615364075
79 1.406466007232666
80 1.4308419823646545
81 1.4425029754638672
82 6.273081004619598
83 1.161761999130249
84 1.1260380148887634
85 1.119081974029541
86 1.1547499895095825
87 1.244292974472046
88 1.176088035106659
89 1.2448070049285889
90 5.8617300391197205
91 1.3179399967193604
92 1.2533659934997559
93 1.2513750195503235
94 1.259259045124054
95 1.2655349969863892
96 1.2900270223617554
97 1.536387026309967
98 7.1545450091362
99 2.0510409474372864
100 1.9848609566688538
