1 10.957810997962952
2 12.01707798242569
3 12.494066953659058
4 12.965317964553833
5 13.358216941356659
6 13.671684920787811
7 14.087990939617157
8 14.48639291524887
9 14.913658916950226
10 15.233533918857574
11 15.528741955757141
12 15.823604941368103
13 16.11811399459839
14 16.42975002527237
15 16.73021000623703
16 17.06204205751419
17 17.3858180642128
18 17.681839048862457
19 18.006693065166473
20 18.258595049381256
21 18.559933066368103
22 18.902134120464325
23 20.30700010061264
24 20.695656061172485
25 20.953739047050476
26 21.217299044132233
27 21.466026067733765
28 21.727429032325745
29 21.989123046398163
30 22.24962204694748
31 22.51731503009796
32 22.795118987560272
33 23.068253993988037
34 23.34070497751236
35 23.630686938762665
36 23.897227942943573
37 24.16887593269348
38 24.443298935890198
39 24.715134918689728
40 24.99878889322281
41 25.302092850208282
42 25.57617485523224
43 25.850328862667084
44 26.125374853610992
45 26.404339849948883
46 30.311713874340057
47 30.81355392932892
48 31.301872968673706
49 31.89776200056076
50 33.18155002593994
51 34.07693403959274
52 34.518730998039246
53 34.80211299657822
54 35.06535303592682
55 35.32536202669144
56 35.607969999313354
57 35.915241956710815
58 36.18514996767044
59 36.50423192977905
60 38.12147396802902
61 38.402998983860016
62 38.63734298944473
63 38.84358596801758
64 39.04705595970154
65 39.25025999546051
66 39.460053980350494
67 39.658185958862305
68 39.86884796619415
69 40.073111951351166
70 40.270555913448334
71 40.470730900764465
72 40.69495487213135
73 40.90209686756134
74 41.106024861335754
75 41.31174385547638
76 43.62844383716583
77 44.0474608540535
78 44.43664789199829
79 44.812949895858765
80 45.14145588874817
81 45.440308928489685
82 45.761543929576874
83 46.06763291358948
84 46.362085938453674
85 46.623362958431244
86 46.88410896062851
87 47.15219694375992
88 47.463460981845856
89 47.754908978939056
90 48.03375601768494
91 48.28806698322296
92 48.54474800825119
93 48.79853302240372
94 49.12120604515076
95 49.39338105916977
96 49.65903902053833
97 49.918348014354706
98 50.249013006687164
99 50.60410302877426
100 50.940931022167206
